PRP$/$: 0.13333333333333333
NN/PRP$: 1.0
VBZ/NN: 0.08
DT/VBZ: 0.4
RB/DT: 0.1
JJ/RB: 0.3333333333333333
NN/JJ: 0.3333333333333333
./NN: 0.32
PRP/$: 0.5333333333333333
VBZ/PRP: 0.5833333333333334
IN/VBZ: 0.1
DT/IN: 0.5294117647058824
NN/DT: 0.6
NN/NN: 0.12
IN/NN: 0.28
DT/IN: 0.5294117647058824
NN/DT: 0.6
NN/NN: 0.12
./NN: 0.32
PRP/$: 0.5333333333333333
VBZ/PRP: 0.5833333333333334
NNS/VBZ: 0.2
IN/NNS: 0.2222222222222222
NNS/IN: 0.17647058823529413
./NNS: 0.3888888888888889
PRP/$: 0.5333333333333333
VBZ/PRP: 0.5833333333333334
NNS/VBZ: 0.2
IN/NNS: 0.2222222222222222
DT/IN: 0.5294117647058824
NNS/DT: 0.2
./NNS: 0.3888888888888889
PRP/$: 0.5333333333333333
RB/PRP: 0.08333333333333333
VBZ/RB: 0.16666666666666666
JJ/VBZ: 0.2
NNS/JJ: 0.3333333333333333
CC/NNS: 0.1111111111111111
NNS/CC: 0.6666666666666666
./NNS: 0.3888888888888889
IN/$: 0.06666666666666667
DT/IN: 0.5294117647058824
NN/DT: 0.6
,/NN: 0.04
EX/,: 1.0
VBP/EX: 1.0
NNS/VBP: 0.14285714285714285
IN/NNS: 0.2222222222222222
NNS/IN: 0.17647058823529413
CC/NNS: 0.1111111111111111
NNS/CC: 0.6666666666666666
./NNS: 0.3888888888888889
JJ/$: 0.13333333333333333
NNS/JJ: 0.3333333333333333
VBP/NNS: 0.2222222222222222
VBN/VBP: 0.2857142857142857
DT/VBN: 0.3333333333333333
IN/DT: 0.05
DT/IN: 0.5294117647058824
NN/DT: 0.6
./NN: 0.32
NNS/$: 0.13333333333333333
VBP/NNS: 0.2222222222222222
RB/VBP: 0.14285714285714285
VBN/RB: 0.16666666666666666
IN/VBN: 0.3333333333333333
DT/IN: 0.5294117647058824
NNS/DT: 0.2
./NNS: 0.3888888888888889
NNS/$: 0.13333333333333333
IN/NNS: 0.2222222222222222
DT/IN: 0.5294117647058824
NNS/DT: 0.2
VBP/NNS: 0.2222222222222222
DT/VBP: 0.14285714285714285
NN/DT: 0.6
IN/NN: 0.28
IN/IN: 0.058823529411764705
NN/IN: 0.17647058823529413
./NN: 0.32
PRP/$: 0.5333333333333333
DT/PRP: 0.08333333333333333
VBP/DT: 0.05
NN/VBP: 0.14285714285714285
NNS/NN: 0.04
WDT/NNS: 0.05555555555555555
PRP/WDT: 1.0
VBP/PRP: 0.08333333333333333
TO/VBP: 0.14285714285714285
NN/TO: 0.5
DT/NN: 0.04
NN/DT: 0.6
./NN: 0.32
PRP/$: 0.5333333333333333
MD/PRP: 0.08333333333333333
VB/MD: 1.0
CD/VB: 1.0
NN/CD: 1.0
IN/NN: 0.28
DT/IN: 0.5294117647058824
NN/DT: 0.6
IN/NN: 0.28
DT/IN: 0.5294117647058824
NN/DT: 0.6
NN/NN: 0.12
./NN: 0.32
PRP$/$: 0.13333333333333333
NN/PRP$: 1.0
VBZ/NN: 0.08
DT/VBZ: 0.4
RB/DT: 0.1
JJ/RB: 0.3333333333333333
NN/JJ: 0.3333333333333333
./NN: 0.32
VBZ/PRP: 0.5833333333333334
DT/VBZ: 0.4
NN/DT: 0.6
IN/NN: 0.28
NN/IN: 0.17647058823529413
IN/NN: 0.28
NNS/IN: 0.17647058823529413
./NNS: 0.3888888888888889
PRP/$: 0.5333333333333333
VBZ/PRP: 0.5833333333333334
JJ/VBZ: 0.2
DT/JJ: 0.3333333333333333
NNS/DT: 0.2
VBP/NNS: 0.2222222222222222
VBN/VBP: 0.2857142857142857
TO/VBN: 0.3333333333333333
DT/TO: 0.5
NN/DT: 0.6
IN/NN: 0.28
NN/IN: 0.17647058823529413
./NN: 0.32
PRP/$: 0.5333333333333333
VBZ/PRP: 0.5833333333333334
DT/VBZ: 0.4
NN/DT: 0.6
RB/NN: 0.04
RB/RB: 0.16666666666666666
./RB: 0.16666666666666666
JJ/$: 0.13333333333333333
DT/JJ: 0.3333333333333333
NN/DT: 0.6
PRP/NN: 0.04
VBZ/PRP: 0.5833333333333334
PRP/VBZ: 0.1
IN/PRP: 0.08333333333333333
VBG/IN: 0.058823529411764705
CC/VBG: 0.5
VBG/CC: 0.3333333333333333
NNS/VBG: 0.5
./NNS: 0.3888888888888889
